========================================================================
DRIFT-PROXY FEASIBILITY REPORT (Track 1 gate, docs/ROADMAP.md section 2)
========================================================================
model        : torch.hub dinov2_vitb14
device       : cuda | torch 2.11.0+cu128
images       : 1000 CIFAR-10 test, seed 42
degradation  : severity 1,2,3,4,5 | corruptions: low_light, jpeg
modules      : 37 profiled (forward-only, no backprop)

--- low_light@sev1 (severity 1) ---
module                   energy     mean      cov     cosd     CKAu CKAu drop
patch_embed              0.0235   0.1216   0.4378   0.0106   0.9980    0.0020
blocks.0                 0.0057   0.0679   0.4037   0.0028   0.9855    0.0145
blocks.0.attn            0.0204   0.1327   0.4013   0.0100   0.9841    0.0159
blocks.0.mlp             0.0620   0.2419   0.4410   0.0300   0.9736    0.0264
blocks.1                 0.0090   0.0836   0.4270   0.0044   0.9661    0.0339
blocks.1.attn            0.0452   0.1995   0.3641   0.0214   0.9430    0.0570
blocks.1.mlp             0.0461   0.2044   0.4882   0.0232   0.9022    0.0978
blocks.2                 0.0045   0.0600   0.3951   0.0023   0.9674    0.0326
blocks.2.attn            0.0105   0.0840   0.4028   0.0052   0.9123    0.0877
blocks.2.mlp             0.0044   0.0534   0.3098   0.0022   0.9252    0.0748
blocks.3                 0.0056   0.0647   0.3682   0.0026   0.9379    0.0621
blocks.3.attn            0.0209   0.1130   0.3791   0.0104   0.9002    0.0998
blocks.3.mlp             0.0108   0.0797   0.4130   0.0053   0.8552    0.1448
blocks.4                 0.0094   0.0822   0.6107   0.0046   0.8123    0.1877
blocks.4.attn            0.0906   0.2566   0.5999   0.0457   0.7759    0.2241
blocks.4.mlp             0.0901   0.2654   0.7294   0.0456   0.6571    0.3429
blocks.5                 0.0322   0.1447   0.6375   0.0156   0.7895    0.2105
blocks.5.attn            0.0616   0.2016   0.5994   0.0302   0.8987    0.1013
blocks.5.mlp             0.1114   0.2789   0.7232   0.0508   0.6758    0.3242
blocks.6                 0.0248   0.1183   0.5097   0.0121   0.8667    0.1333
blocks.6.attn            0.0422   0.1389   0.3763   0.0212   0.9388    0.0612
blocks.6.mlp             0.0673   0.1967   0.5433   0.0320   0.8390    0.1610
blocks.7                 0.0186   0.0942   0.4722   0.0093   0.8878    0.1122
blocks.7.attn            0.0232   0.0873   0.3462   0.0113   0.9023    0.0977
blocks.7.mlp             0.0630   0.1743   0.6315   0.0312   0.6675    0.3325
blocks.8                 0.0360   0.1154   0.3336   0.0178   0.9122    0.0878
blocks.8.attn            0.0232   0.0686   0.2160   0.0115   0.9656    0.0344
blocks.8.mlp             0.0720   0.1440   0.3312   0.0349   0.8656    0.1344
blocks.9                 0.0366   0.1012   0.2766   0.0179   0.9573    0.0427
blocks.9.attn            0.0349   0.0764   0.2029   0.0175   0.9623    0.0377
blocks.9.mlp             0.0390   0.0793   0.3346   0.0190   0.9370    0.0630
blocks.10                0.0435   0.0848   0.1970   0.0219   0.9662    0.0338
blocks.10.attn           0.0366   0.0537   0.1409   0.0186   0.9733    0.0267
blocks.10.mlp            0.0404   0.0550   0.1989   0.0203   0.9506    0.0494
blocks.11                0.0880   0.1566   0.2032   0.0452   0.9634    0.0366
blocks.11.attn           0.0313   0.0390   0.1552   0.0151   0.9670    0.0330
blocks.11.mlp            0.0744   0.0560   0.1968   0.0385   0.9442    0.0558

  proxy agreement vs CKA profile (ref = cka_unbiased_drop):
    energy_drop  rho=0.3170 (p=0.0559)  top3=0.67  top5=0.60  top8=0.62
    mean_shift   rho=0.4742 (p=0.0030)  top3=0.67  top5=0.60  top8=0.50
    cov_shift    rho=0.6091 (p=0.0001)  top3=0.67  top5=0.80  top8=0.88
    cos_drop     rho=0.3257 (p=0.0491)  top3=0.67  top5=0.60  top8=0.62

--- low_light@sev2 (severity 2) ---
module                   energy     mean      cov     cosd     CKAu CKAu drop
patch_embed              0.0770   0.2175   0.6961   0.0371   0.9794    0.0206
blocks.0                 0.0161   0.1136   0.6935   0.0080   0.9431    0.0569
blocks.0.attn            0.0547   0.2097   0.7057   0.0270   0.9423    0.0577
blocks.0.mlp             0.1773   0.4067   0.7665   0.0827   0.8665    0.1335
blocks.1                 0.0330   0.1669   0.6981   0.0157   0.9223    0.0777
blocks.1.attn            0.1858   0.4052   0.8020   0.0969   0.7887    0.2113
blocks.1.mlp             0.1263   0.3351   0.7566   0.0637   0.7024    0.2976
blocks.2                 0.0178   0.1231   0.6573   0.0087   0.8839    0.1161
blocks.2.attn            0.0574   0.2155   0.7988   0.0290   0.6659    0.3341
blocks.2.mlp             0.0258   0.1467   0.5891   0.0129   0.6981    0.3019
blocks.3                 0.0268   0.1491   0.6808   0.0117   0.7481    0.2519
blocks.3.attn            0.1075   0.2872   0.6863   0.0551   0.6660    0.3340
blocks.3.mlp             0.0619   0.2181   0.8233   0.0312   0.5186    0.4814
blocks.4                 0.0228   0.1309   0.8368   0.0112   0.6144    0.3856
blocks.4.attn            0.2470   0.4399   0.8941   0.1148   0.4966    0.5034
blocks.4.mlp             0.1646   0.3552   0.9002   0.0848   0.4227    0.5773
blocks.5                 0.0910   0.2640   0.8356   0.0413   0.6333    0.3667
blocks.5.attn            0.2136   0.4112   0.9015   0.1006   0.7262    0.2738
blocks.5.mlp             0.2718   0.4683   0.9056   0.1101   0.5365    0.4635
blocks.6                 0.0708   0.2159   0.7234   0.0347   0.7043    0.2957
blocks.6.attn            0.1668   0.3175   0.6714   0.0846   0.7791    0.2209
blocks.6.mlp             0.1803   0.3438   0.7638   0.0873   0.6384    0.3616
blocks.7                 0.0589   0.1869   0.7213   0.0296   0.7217    0.2783
blocks.7.attn            0.0815   0.1907   0.6002   0.0399   0.7275    0.2725
blocks.7.mlp             0.1626   0.3001   0.8099   0.0799   0.4609    0.5391
blocks.8                 0.1278   0.2572   0.6223   0.0631   0.7708    0.2292
blocks.8.attn            0.0881   0.1526   0.4540   0.0437   0.8517    0.1483
blocks.8.mlp             0.2553   0.3513   0.6942   0.1206   0.6744    0.3256
blocks.9                 0.1213   0.2117   0.5012   0.0592   0.8765    0.1235
blocks.9.attn            0.1215   0.1580   0.3813   0.0615   0.8632    0.1368
blocks.9.mlp             0.1235   0.1644   0.5902   0.0597   0.8252    0.1748
blocks.10                0.1554   0.1810   0.3886   0.0767   0.8793    0.1207
blocks.10.attn           0.1541   0.1178   0.3157   0.0792   0.8722    0.1278
blocks.10.mlp            0.1383   0.1133   0.3969   0.0676   0.8362    0.1638
blocks.11                0.3244   0.3770   0.4213   0.1682   0.8510    0.1490
blocks.11.attn           0.1192   0.0924   0.3180   0.0569   0.8733    0.1267
blocks.11.mlp            0.2619   0.1566   0.4132   0.1380   0.7933    0.2067

  proxy agreement vs CKA profile (ref = cka_unbiased_drop):
    energy_drop  rho=0.2307 (p=0.1696)  top3=0.00  top5=0.40  top8=0.38
    mean_shift   rho=0.4839 (p=0.0024)  top3=0.33  top5=0.40  top8=0.38
    cov_shift    rho=0.6366 (p=0.0000)  top3=0.33  top5=0.60  top8=0.88
    cos_drop     rho=0.2366 (p=0.1586)  top3=0.00  top5=0.40  top8=0.38

--- low_light@sev3 (severity 3) ---
module                   energy     mean      cov     cosd     CKAu CKAu drop
patch_embed              0.1489   0.2990   0.8527   0.0739   0.8195    0.1805
blocks.0                 0.0214   0.1316   0.8485   0.0106   0.9334    0.0666
blocks.0.attn            0.0708   0.2396   0.8562   0.0354   0.9167    0.0833
blocks.0.mlp             0.2285   0.4598   0.8976   0.1070   0.8048    0.1952
blocks.1                 0.0555   0.2190   0.8416   0.0261   0.8598    0.1402
blocks.1.attn            0.3628   0.5814   0.8791   0.1926   0.6542    0.3458
blocks.1.mlp             0.1891   0.4129   0.8295   0.0947   0.4698    0.5302
blocks.2                 0.0330   0.1704   0.7969   0.0160   0.8120    0.1880
blocks.2.attn            0.1400   0.3552   0.8415   0.0725   0.5666    0.4334
blocks.2.mlp             0.0638   0.2410   0.6765   0.0322   0.5610    0.4390
blocks.3                 0.0534   0.2165   0.8061   0.0226   0.6595    0.3405
blocks.3.attn            0.2068   0.4137   0.7464   0.1069   0.5601    0.4399
blocks.3.mlp             0.1302   0.3340   0.8432   0.0652   0.3782    0.6218
blocks.4                 0.0372   0.1726   0.8929   0.0184   0.5281    0.4719
blocks.4.attn            0.4014   0.5824   0.9144   0.1661   0.4098    0.5902
blocks.4.mlp             0.2256   0.4273   0.9172   0.1161   0.3559    0.6441
blocks.5                 0.1566   0.3603   0.8898   0.0659   0.5516    0.4484
blocks.5.attn            0.3891   0.5803   0.8647   0.1762   0.6298    0.3702
blocks.5.mlp             0.4426   0.6240   0.9267   0.1632   0.4703    0.5297
blocks.6                 0.1307   0.3088   0.8636   0.0633   0.5337    0.4663
blocks.6.attn            0.3659   0.5183   0.8611   0.1801   0.6002    0.3998
blocks.6.mlp             0.3199   0.4882   0.9065   0.1558   0.4566    0.5434
blocks.7                 0.1250   0.2985   0.8683   0.0629   0.5615    0.4385
blocks.7.attn            0.1820   0.3288   0.7783   0.0842   0.5558    0.4442
blocks.7.mlp             0.3335   0.4879   0.9130   0.1590   0.3379    0.6621
blocks.8                 0.3004   0.4532   0.8336   0.1413   0.5962    0.4038
blocks.8.attn            0.2144   0.3006   0.7459   0.1068   0.6346    0.3654
blocks.8.mlp             0.5994   0.6660   0.9030   0.2535   0.5048    0.4952
blocks.9                 0.3040   0.4092   0.7679   0.1470   0.6718    0.3282
blocks.9.attn            0.2878   0.3078   0.6483   0.1467   0.6297    0.3703
blocks.9.mlp             0.3240   0.3852   0.9381   0.1504   0.5547    0.4453
blocks.10                0.4081   0.3920   0.7667   0.1963   0.5854    0.4146
blocks.10.attn           0.3944   0.2581   0.6265   0.2121   0.6011    0.3989
blocks.10.mlp            0.3518   0.2858   0.8016   0.1641   0.5053    0.4947
blocks.11                0.8279   0.9548   0.7750   0.4268   0.5419    0.4581
blocks.11.attn           0.3080   0.2228   0.5955   0.1449   0.6331    0.3669
blocks.11.mlp            0.6232   0.4530   0.7210   0.3283   0.4539    0.5461

  proxy agreement vs CKA profile (ref = cka_unbiased_drop):
    energy_drop  rho=0.3755 (p=0.0220)  top3=0.00  top5=0.20  top8=0.38
    mean_shift   rho=0.4775 (p=0.0028)  top3=0.00  top5=0.20  top8=0.38
    cov_shift    rho=0.3381 (p=0.0407)  top3=0.33  top5=0.60  top8=0.62
    cos_drop     rho=0.3404 (p=0.0392)  top3=0.00  top5=0.20  top8=0.12

--- low_light@sev4 (severity 4) ---
module                   energy     mean      cov     cosd     CKAu CKAu drop
patch_embed              0.2293   0.3601   0.9384   0.1142   0.3056    0.6944
blocks.0                 0.0263   0.1444   0.9380   0.0130   0.8972    0.1028
blocks.0.attn            0.0855   0.2600   0.9409   0.0429   0.8813    0.1187
blocks.0.mlp             0.2659   0.4935   0.9599   0.1255   0.7180    0.2820
blocks.1                 0.0729   0.2515   0.9325   0.0338   0.7935    0.2065
blocks.1.attn            0.4779   0.6715   0.9489   0.2474   0.5267    0.4733
blocks.1.mlp             0.2214   0.4464   0.9134   0.1096   0.3252    0.6748
blocks.2                 0.0454   0.2010   0.9011   0.0217   0.7863    0.2137
blocks.2.attn            0.1954   0.4242   0.9185   0.1022   0.5157    0.4843
blocks.2.mlp             0.0910   0.2901   0.8764   0.0464   0.5249    0.4751
blocks.3                 0.0729   0.2549   0.9015   0.0305   0.5845    0.4155
blocks.3.attn            0.2691   0.4743   0.8438   0.1387   0.4372    0.5628
blocks.3.mlp             0.1705   0.3877   0.8928   0.0842   0.2872    0.7128
blocks.4                 0.0500   0.2036   0.9333   0.0248   0.4167    0.5833
blocks.4.attn            0.5149   0.6735   0.9202   0.2014   0.3049    0.6951
blocks.4.mlp             0.2904   0.4956   0.9477   0.1474   0.2469    0.7531
blocks.5                 0.2094   0.4229   0.9374   0.0836   0.4101    0.5899
blocks.5.attn            0.4983   0.6610   0.9063   0.2257   0.4578    0.5422
blocks.5.mlp             0.5697   0.7202   0.9501   0.2029   0.3257    0.6743
blocks.6                 0.1990   0.3977   0.9242   0.0896   0.3742    0.6258
blocks.6.attn            0.5681   0.6804   0.9436   0.2603   0.4362    0.5638
blocks.6.mlp             0.4571   0.6127   0.9455   0.2100   0.3025    0.6975
blocks.7                 0.1922   0.3865   0.9303   0.0950   0.3948    0.6052
blocks.7.attn            0.2849   0.4400   0.9014   0.1223   0.3910    0.6090
blocks.7.mlp             0.4927   0.6291   0.9467   0.2277   0.2264    0.7736
blocks.8                 0.5083   0.6378   0.9471   0.2166   0.3844    0.6156
blocks.8.attn            0.4034   0.4977   0.9464   0.1937   0.3931    0.6069
blocks.8.mlp             0.9820   0.9515   0.9779   0.3687   0.3065    0.6935
blocks.9                 0.5892   0.6608   0.9669   0.2691   0.3448    0.6552
blocks.9.attn            0.5021   0.5036   0.9105   0.2557   0.3184    0.6816
blocks.9.mlp             0.6541   0.6862   1.1093   0.2773   0.2431    0.7569
blocks.10                0.7932   0.7382   1.0093   0.3411   0.2599    0.7401
blocks.10.attn           0.6406   0.4662   0.9014   0.3712   0.2562    0.7438
blocks.10.mlp            0.6273   0.5588   1.0690   0.2604   0.1963    0.8037
blocks.11                1.3893   1.7284   0.9562   0.7018   0.2667    0.7333
blocks.11.attn           0.5101   0.3928   0.8805   0.2440   0.3296    0.6704
blocks.11.mlp            0.9435   0.7976   0.9074   0.4899   0.1880    0.8120

  proxy agreement vs CKA profile (ref = cka_unbiased_drop):
    energy_drop  rho=0.6961 (p=0.0000)  top3=0.33  top5=0.40  top8=0.75
    mean_shift   rho=0.5704 (p=0.0002)  top3=0.33  top5=0.20  top8=0.50
    cov_shift    rho=0.2795 (p=0.0938)  top3=0.33  top5=0.40  top8=0.50
    cos_drop     rho=0.6738 (p=0.0000)  top3=0.33  top5=0.20  top8=0.75

--- low_light@sev5 (severity 5) ---
module                   energy     mean      cov     cosd     CKAu CKAu drop
patch_embed              0.3172   0.4051   1.0041   0.1550   0.0538    0.9462
blocks.0                 0.0300   0.1531   0.9819   0.0148   0.8211    0.1789
blocks.0.attn            0.0976   0.2750   0.9826   0.0490   0.6690    0.3310
blocks.0.mlp             0.2915   0.5147   0.9884   0.1385   0.6383    0.3617
blocks.1                 0.0807   0.2634   0.9768   0.0368   0.6209    0.3791
blocks.1.attn            0.4891   0.6763   0.9743   0.2498   0.3435    0.6565
blocks.1.mlp             0.2199   0.4411   0.9339   0.1074   0.2058    0.7942
blocks.2                 0.0494   0.2083   0.9661   0.0234   0.6030    0.3970
blocks.2.attn            0.1855   0.4097   0.9466   0.0966   0.3188    0.6812
blocks.2.mlp             0.0858   0.2781   0.9448   0.0437   0.2734    0.7266
blocks.3                 0.0803   0.2670   0.9547   0.0335   0.4690    0.5310
blocks.3.attn            0.2937   0.4931   0.9092   0.1486   0.3099    0.6901
blocks.3.mlp             0.1799   0.3971   0.9227   0.0874   0.2000    0.8000
blocks.4                 0.0584   0.2218   0.9605   0.0291   0.2830    0.7170
blocks.4.attn            0.5764   0.7179   0.9353   0.2209   0.1675    0.8325
blocks.4.mlp             0.3341   0.5381   0.9619   0.1666   0.1530    0.8470
blocks.5                 0.2468   0.4630   0.9651   0.0941   0.2702    0.7298
blocks.5.attn            0.5387   0.6848   0.9481   0.2477   0.2931    0.7069
blocks.5.mlp             0.6403   0.7691   0.9648   0.2243   0.1925    0.8075
blocks.6                 0.2358   0.4400   0.9547   0.1000   0.2434    0.7566
blocks.6.attn            0.6877   0.7697   0.9428   0.2999   0.3185    0.6815
blocks.6.mlp             0.5001   0.6491   0.9641   0.2238   0.1721    0.8279
blocks.7                 0.2250   0.4242   0.9556   0.1101   0.2577    0.7423
blocks.7.attn            0.3350   0.4909   0.9496   0.1365   0.2634    0.7366
blocks.7.mlp             0.5238   0.6560   0.9559   0.2437   0.1470    0.8530
blocks.8                 0.6519   0.7521   0.9764   0.2580   0.2466    0.7534
blocks.8.attn            0.5777   0.6650   0.9890   0.2542   0.2689    0.7311
blocks.8.mlp             1.2529   1.1401   0.9876   0.4304   0.1826    0.8174
blocks.9                 0.8194   0.8476   0.9989   0.3486   0.1972    0.8028
blocks.9.attn            0.6642   0.6800   0.9846   0.3275   0.1878    0.8122
blocks.9.mlp             0.8938   0.8863   1.0503   0.3516   0.1474    0.8526
blocks.10                1.0669   1.0059   1.0138   0.4005   0.1340    0.8660
blocks.10.attn           0.7172   0.6096   0.9906   0.4372   0.1224    0.8776
blocks.10.mlp            0.7711   0.7540   1.0389   0.2915   0.0837    0.9163
blocks.11                1.5552   2.0836   1.0035   0.7892   0.1412    0.8588
blocks.11.attn           0.5507   0.4629   0.9896   0.2816   0.1531    0.8469
blocks.11.mlp            0.9588   0.8671   0.9823   0.5120   0.0980    0.9020

  proxy agreement vs CKA profile (ref = cka_unbiased_drop):
    energy_drop  rho=0.6916 (p=0.0000)  top3=0.00  top5=0.40  top8=0.75
    mean_shift   rho=0.5688 (p=0.0002)  top3=0.00  top5=0.40  top8=0.50
    cov_shift    rho=0.4071 (p=0.0124)  top3=0.33  top5=0.60  top8=0.75
    cos_drop     rho=0.6809 (p=0.0000)  top3=0.33  top5=0.60  top8=0.62

--- jpeg@sev1 (severity 1) ---
module                   energy     mean      cov     cosd     CKAu CKAu drop
patch_embed              0.0191   0.0077   0.0791   0.0089   0.9771    0.0229
blocks.0                 0.0011   0.0154   0.2417   0.0005   0.9655    0.0345
blocks.0.attn            0.0050   0.0286   0.3138   0.0025   0.9604    0.0396
blocks.0.mlp             0.0045   0.0315   0.0969   0.0022   0.9326    0.0674
blocks.1                 0.0037   0.0370   0.3011   0.0018   0.9609    0.0391
blocks.1.attn            0.0246   0.1034   0.3398   0.0109   0.8688    0.1312
blocks.1.mlp             0.0150   0.0707   0.3635   0.0071   0.7478    0.2522
blocks.2                 0.0026   0.0352   0.3386   0.0013   0.9503    0.0497
blocks.2.attn            0.0148   0.0881   0.4652   0.0071   0.7649    0.2351
blocks.2.mlp             0.0047   0.0479   0.3203   0.0022   0.8381    0.1619
blocks.3                 0.0076   0.0633   0.4516   0.0037   0.8548    0.1452
blocks.3.attn            0.0659   0.1904   0.5440   0.0287   0.7110    0.2890
blocks.3.mlp             0.0214   0.1052   0.5261   0.0100   0.7375    0.2625
blocks.4                 0.0162   0.1036   0.6641   0.0078   0.6566    0.3434
blocks.4.attn            0.1802   0.3517   0.7025   0.0796   0.5787    0.4213
blocks.4.mlp             0.1046   0.2631   0.6000   0.0474   0.5235    0.4765
blocks.5                 0.0715   0.2235   0.7245   0.0355   0.6663    0.3337
blocks.5.attn            0.1111   0.2461   0.5914   0.0553   0.8122    0.1878
blocks.5.mlp             0.2965   0.5005   0.7863   0.1351   0.5513    0.4487
blocks.6                 0.0588   0.1866   0.5848   0.0290   0.7064    0.2936
blocks.6.attn            0.1186   0.2001   0.5036   0.0597   0.7721    0.2279
blocks.6.mlp             0.1694   0.3338   0.6325   0.0867   0.6446    0.3554
blocks.7                 0.0537   0.1750   0.5851   0.0269   0.7576    0.2424
blocks.7.attn            0.0663   0.1302   0.5015   0.0324   0.7192    0.2808
blocks.7.mlp             0.2208   0.4013   0.8024   0.1125   0.4786    0.5214
blocks.8                 0.1359   0.2629   0.5926   0.0623   0.7572    0.2428
blocks.8.attn            0.0994   0.1295   0.3906   0.0498   0.8069    0.1931
blocks.8.mlp             0.3133   0.4287   0.7308   0.1351   0.6396    0.3604
blocks.9                 0.1523   0.2359   0.5403   0.0720   0.8130    0.1870
blocks.9.attn            0.1709   0.1760   0.4466   0.0857   0.7629    0.2371
blocks.9.mlp             0.1628   0.2107   0.6574   0.0790   0.7359    0.2641
blocks.10                0.2815   0.2767   0.6186   0.1318   0.7305    0.2695
blocks.10.attn           0.3053   0.1959   0.4799   0.1587   0.7167    0.2833
blocks.10.mlp            0.2517   0.2025   0.6938   0.1194   0.6177    0.3823
blocks.11                0.5926   0.6087   0.5813   0.3069   0.6870    0.3130
blocks.11.attn           0.2290   0.1616   0.4568   0.1053   0.7396    0.2604
blocks.11.mlp            0.4674   0.3057   0.5786   0.2454   0.5931    0.4069

  proxy agreement vs CKA profile (ref = cka_unbiased_drop):
    energy_drop  rho=0.7037 (p=0.0000)  top3=0.00  top5=0.40  top8=0.50
    mean_shift   rho=0.7985 (p=0.0000)  top3=0.33  top5=0.60  top8=0.75
    cov_shift    rho=0.8556 (p=0.0000)  top3=0.67  top5=0.60  top8=0.62
    cos_drop     rho=0.6982 (p=0.0000)  top3=0.00  top5=0.40  top8=0.62

--- jpeg@sev2 (severity 2) ---
module                   energy     mean      cov     cosd     CKAu CKAu drop
patch_embed              0.0229   0.0086   0.0819   0.0107   0.9692    0.0308
blocks.0                 0.0013   0.0171   0.2467   0.0006   0.9593    0.0407
blocks.0.attn            0.0056   0.0307   0.3100   0.0027   0.9554    0.0446
blocks.0.mlp             0.0057   0.0375   0.1072   0.0028   0.9176    0.0824
blocks.1                 0.0043   0.0392   0.3222   0.0021   0.9523    0.0477
blocks.1.attn            0.0285   0.1112   0.3599   0.0128   0.8497    0.1503
blocks.1.mlp             0.0167   0.0744   0.3802   0.0080   0.7300    0.2700
blocks.2                 0.0029   0.0365   0.3696   0.0014   0.9396    0.0604
blocks.2.attn            0.0159   0.0888   0.4671   0.0076   0.7478    0.2522
blocks.2.mlp             0.0053   0.0488   0.3415   0.0025   0.8112    0.1888
blocks.3                 0.0083   0.0640   0.4844   0.0041   0.8295    0.1705
blocks.3.attn            0.0722   0.1945   0.5576   0.0310   0.6669    0.3331
blocks.3.mlp             0.0238   0.1051   0.5667   0.0111   0.6855    0.3145
blocks.4                 0.0188   0.1113   0.6994   0.0091   0.6143    0.3857
blocks.4.attn            0.2147   0.3904   0.7251   0.0898   0.5286    0.4714
blocks.4.mlp             0.1304   0.2997   0.6389   0.0578   0.4549    0.5451
blocks.5                 0.0832   0.2409   0.7726   0.0410   0.6132    0.3868
blocks.5.attn            0.1389   0.2805   0.6541   0.0684   0.7577    0.2423
blocks.5.mlp             0.3515   0.5471   0.8285   0.1546   0.4935    0.5065
blocks.6                 0.0676   0.1955   0.6377   0.0330   0.6335    0.3665
blocks.6.attn            0.1505   0.2260   0.5802   0.0759   0.6979    0.3021
blocks.6.mlp             0.1923   0.3482   0.6861   0.0977   0.5686    0.4314
blocks.7                 0.0625   0.1851   0.6287   0.0312   0.6963    0.3037
blocks.7.attn            0.0826   0.1440   0.5632   0.0402   0.6513    0.3487
blocks.7.mlp             0.2366   0.4057   0.8139   0.1205   0.4329    0.5671
blocks.8                 0.1667   0.2902   0.6310   0.0749   0.6940    0.3060
blocks.8.attn            0.1312   0.1564   0.4685   0.0656   0.7374    0.2626
blocks.8.mlp             0.3847   0.4835   0.7604   0.1609   0.5754    0.4246
blocks.9                 0.1938   0.2673   0.6023   0.0913   0.7385    0.2615
blocks.9.attn            0.2254   0.2124   0.5322   0.1136   0.6769    0.3231
blocks.9.mlp             0.2061   0.2425   0.7223   0.1000   0.6442    0.3558
blocks.10                0.3655   0.3333   0.7094   0.1692   0.6285    0.3715
blocks.10.attn           0.3990   0.2502   0.5755   0.2105   0.6119    0.3881
blocks.10.mlp            0.3222   0.2530   0.7948   0.1505   0.4938    0.5062
blocks.11                0.7654   0.7979   0.6756   0.3951   0.5787    0.4213
blocks.11.attn           0.2980   0.2120   0.5487   0.1351   0.6471    0.3529
blocks.11.mlp            0.5892   0.4051   0.6658   0.3095   0.4768    0.5232

  proxy agreement vs CKA profile (ref = cka_unbiased_drop):
    energy_drop  rho=0.7738 (p=0.0000)  top3=0.33  top5=0.20  top8=0.50
    mean_shift   rho=0.8442 (p=0.0000)  top3=0.00  top5=0.60  top8=0.75
    cov_shift    rho=0.8698 (p=0.0000)  top3=0.33  top5=0.60  top8=0.62
    cos_drop     rho=0.7696 (p=0.0000)  top3=0.33  top5=0.20  top8=0.50

--- jpeg@sev3 (severity 3) ---
module                   energy     mean      cov     cosd     CKAu CKAu drop
patch_embed              0.0275   0.0095   0.1052   0.0128   0.9558    0.0442
blocks.0                 0.0017   0.0204   0.2872   0.0008   0.9452    0.0548
blocks.0.attn            0.0070   0.0362   0.3466   0.0035   0.9414    0.0586
blocks.0.mlp             0.0077   0.0450   0.1340   0.0038   0.8985    0.1015
blocks.1                 0.0054   0.0438   0.3695   0.0027   0.9378    0.0622
blocks.1.attn            0.0347   0.1218   0.4144   0.0158   0.8163    0.1837
blocks.1.mlp             0.0201   0.0839   0.4214   0.0097   0.6988    0.3012
blocks.2                 0.0036   0.0396   0.4349   0.0018   0.9216    0.0784
blocks.2.attn            0.0178   0.0911   0.4974   0.0086   0.7274    0.2726
blocks.2.mlp             0.0065   0.0520   0.4261   0.0031   0.7717    0.2283
blocks.3                 0.0095   0.0654   0.5470   0.0047   0.7994    0.2006
blocks.3.attn            0.0815   0.1980   0.6163   0.0350   0.6044    0.3956
blocks.3.mlp             0.0268   0.1035   0.6390   0.0126   0.6163    0.3837
blocks.4                 0.0216   0.1186   0.7489   0.0105   0.5654    0.4346
blocks.4.attn            0.2546   0.4276   0.7500   0.1010   0.4568    0.5432
blocks.4.mlp             0.1591   0.3341   0.6744   0.0694   0.3872    0.6128
blocks.5                 0.0989   0.2624   0.8440   0.0482   0.5466    0.4534
blocks.5.attn            0.1785   0.3251   0.7347   0.0863   0.6737    0.3263
blocks.5.mlp             0.4234   0.6028   0.8873   0.1781   0.4244    0.5756
blocks.6                 0.0783   0.2058   0.6919   0.0381   0.5391    0.4609
blocks.6.attn            0.1892   0.2528   0.6677   0.0956   0.6060    0.3940
blocks.6.mlp             0.2197   0.3653   0.7369   0.1108   0.4745    0.5255
blocks.7                 0.0734   0.1966   0.6817   0.0366   0.6096    0.3904
blocks.7.attn            0.1039   0.1621   0.6437   0.0503   0.5555    0.4445
blocks.7.mlp             0.2583   0.4136   0.8289   0.1311   0.3691    0.6309
blocks.8                 0.2029   0.3178   0.6829   0.0902   0.6011    0.3989
blocks.8.attn            0.1706   0.1891   0.5651   0.0850   0.6464    0.3536
blocks.8.mlp             0.4692   0.5422   0.7919   0.1912   0.4903    0.5097
blocks.9                 0.2468   0.3036   0.6906   0.1159   0.6311    0.3689
blocks.9.attn            0.2923   0.2586   0.6402   0.1481   0.5585    0.4415
blocks.9.mlp             0.2606   0.2803   0.8097   0.1261   0.5231    0.4769
blocks.10                0.4644   0.3955   0.8000   0.2123   0.5069    0.4931
blocks.10.attn           0.5090   0.3136   0.6797   0.2732   0.4810    0.5190
blocks.10.mlp            0.4027   0.3091   0.8807   0.1851   0.3611    0.6389
blocks.11                0.9760   1.0262   0.7672   0.5035   0.4510    0.5490
blocks.11.attn           0.3858   0.2746   0.6441   0.1729   0.5237    0.4763
blocks.11.mlp            0.7332   0.5299   0.7570   0.3843   0.3264    0.6736

  proxy agreement vs CKA profile (ref = cka_unbiased_drop):
    energy_drop  rho=0.8390 (p=0.0000)  top3=0.33  top5=0.20  top8=0.50
    mean_shift   rho=0.8869 (p=0.0000)  top3=0.00  top5=0.40  top8=0.75
    cov_shift    rho=0.8575 (p=0.0000)  top3=0.33  top5=0.60  top8=0.50
    cos_drop     rho=0.8378 (p=0.0000)  top3=0.33  top5=0.20  top8=0.50

--- jpeg@sev4 (severity 4) ---
module                   energy     mean      cov     cosd     CKAu CKAu drop
patch_embed              0.0338   0.0112   0.1145   0.0159   0.9387    0.0613
blocks.0                 0.0023   0.0255   0.3157   0.0012   0.9264    0.0736
blocks.0.attn            0.0090   0.0447   0.3700   0.0045   0.9230    0.0770
blocks.0.mlp             0.0109   0.0560   0.1454   0.0053   0.8680    0.1320
blocks.1                 0.0072   0.0506   0.4350   0.0035   0.9109    0.0891
blocks.1.attn            0.0446   0.1363   0.5238   0.0204   0.7540    0.2460
blocks.1.mlp             0.0260   0.0980   0.4972   0.0127   0.6390    0.3610
blocks.2                 0.0047   0.0447   0.5350   0.0023   0.8854    0.1146
blocks.2.attn            0.0207   0.0962   0.5421   0.0101   0.7010    0.2990
blocks.2.mlp             0.0087   0.0582   0.6068   0.0042   0.6991    0.3009
blocks.3                 0.0114   0.0678   0.6687   0.0056   0.7433    0.2567
blocks.3.attn            0.0921   0.1992   0.6971   0.0399   0.5326    0.4674
blocks.3.mlp             0.0321   0.1035   0.8649   0.0152   0.5049    0.4951
blocks.4                 0.0250   0.1256   0.8406   0.0123   0.4896    0.5104
blocks.4.attn            0.2999   0.4632   0.7940   0.1144   0.3654    0.6346
blocks.4.mlp             0.1938   0.3689   0.7443   0.0837   0.3018    0.6982
blocks.5                 0.1222   0.2910   0.9519   0.0586   0.4478    0.5522
blocks.5.attn            0.2387   0.3882   0.8552   0.1119   0.5577    0.4423
blocks.5.mlp             0.5274   0.6741   0.9769   0.2097   0.3308    0.6692
blocks.6                 0.0937   0.2202   0.7903   0.0454   0.4209    0.5791
blocks.6.attn            0.2426   0.2929   0.7870   0.1235   0.4934    0.5066
blocks.6.mlp             0.2559   0.3868   0.8200   0.1288   0.3734    0.6266
blocks.7                 0.0883   0.2123   0.7780   0.0440   0.4947    0.5053
blocks.7.attn            0.1316   0.1908   0.7545   0.0633   0.4406    0.5594
blocks.7.mlp             0.2907   0.4288   0.8641   0.1463   0.2949    0.7051
blocks.8                 0.2518   0.3514   0.7662   0.1114   0.4704    0.5296
blocks.8.attn            0.2255   0.2356   0.6956   0.1116   0.5108    0.4892
blocks.8.mlp             0.5819   0.6107   0.8408   0.2306   0.3736    0.6264
blocks.9                 0.3219   0.3521   0.8035   0.1510   0.4635    0.5365
blocks.9.attn            0.3908   0.3234   0.7719   0.1987   0.3846    0.6154
blocks.9.mlp             0.3289   0.3241   0.9090   0.1589   0.3677    0.6323
blocks.10                0.5875   0.4729   0.8872   0.2635   0.3473    0.6527
blocks.10.attn           0.6382   0.3880   0.7964   0.3477   0.3073    0.6927
blocks.10.mlp            0.4984   0.3787   0.9535   0.2223   0.2256    0.7744
blocks.11                1.2145   1.3010   0.8501   0.6233   0.3184    0.6816
blocks.11.attn           0.4894   0.3524   0.7615   0.2158   0.3757    0.6243
blocks.11.mlp            0.8801   0.6789   0.8319   0.4575   0.1980    0.8020

  proxy agreement vs CKA profile (ref = cka_unbiased_drop):
    energy_drop  rho=0.8675 (p=0.0000)  top3=0.33  top5=0.40  top8=0.75
    mean_shift   rho=0.8890 (p=0.0000)  top3=0.33  top5=0.20  top8=0.62
    cov_shift    rho=0.7691 (p=0.0000)  top3=0.33  top5=0.20  top8=0.50
    cos_drop     rho=0.8627 (p=0.0000)  top3=0.33  top5=0.40  top8=0.75

--- jpeg@sev5 (severity 5) ---
module                   energy     mean      cov     cosd     CKAu CKAu drop
patch_embed              0.0455   0.0146   0.1333   0.0214   0.9074    0.0926
blocks.0                 0.0038   0.0340   0.4104   0.0019   0.8729    0.1271
blocks.0.attn            0.0135   0.0589   0.4416   0.0067   0.8720    0.1280
blocks.0.mlp             0.0177   0.0716   0.2048   0.0086   0.8003    0.1997
blocks.1                 0.0116   0.0648   0.6621   0.0056   0.8246    0.1754
blocks.1.attn            0.0655   0.1629   0.8252   0.0304   0.6415    0.3585
blocks.1.mlp             0.0393   0.1220   0.7925   0.0192   0.5436    0.4564
blocks.2                 0.0078   0.0571   0.8895   0.0039   0.7647    0.2353
blocks.2.attn            0.0282   0.1085   0.7555   0.0138   0.6235    0.3765
blocks.2.mlp             0.0150   0.0739   1.2930   0.0072   0.5244    0.4756
blocks.3                 0.0160   0.0771   1.0937   0.0078   0.6131    0.3869
blocks.3.attn            0.1121   0.2125   0.8762   0.0503   0.4680    0.5320
blocks.3.mlp             0.0488   0.1239   1.8635   0.0234   0.3159    0.6841
blocks.4                 0.0289   0.1294   1.1019   0.0144   0.3820    0.6180
blocks.4.attn            0.3437   0.4836   0.8885   0.1310   0.2624    0.7376
blocks.4.mlp             0.2294   0.3923   0.9417   0.1007   0.2197    0.7803
blocks.5                 0.1588   0.3330   1.1076   0.0737   0.3599    0.6401
blocks.5.attn            0.3479   0.4932   0.9938   0.1539   0.4213    0.5787
blocks.5.mlp             0.6628   0.7557   1.1026   0.2468   0.2623    0.7377
blocks.6                 0.1232   0.2574   0.9717   0.0584   0.3023    0.6977
blocks.6.attn            0.3400   0.3913   0.9633   0.1747   0.3781    0.6219
blocks.6.mlp             0.3167   0.4331   0.9984   0.1572   0.2472    0.7528
blocks.7                 0.1171   0.2499   0.9541   0.0579   0.3670    0.6330
blocks.7.attn            0.1803   0.2507   0.9153   0.0858   0.3311    0.6689
blocks.7.mlp             0.3445   0.4602   0.9438   0.1722   0.2210    0.7790
blocks.8                 0.3388   0.4227   0.9138   0.1476   0.3153    0.6847
blocks.8.attn            0.3123   0.3227   0.8975   0.1533   0.3875    0.6125
blocks.8.mlp             0.7606   0.7212   0.9567   0.2928   0.2378    0.7622
blocks.9                 0.4472   0.4598   0.9717   0.2077   0.2949    0.7051
blocks.9.attn            0.5226   0.4345   0.9175   0.2664   0.2495    0.7505
blocks.9.mlp             0.4375   0.4196   1.0639   0.2094   0.2131    0.7869
blocks.10                0.7216   0.5842   0.9832   0.3135   0.2103    0.7897
blocks.10.attn           0.7535   0.4819   0.9152   0.4202   0.1811    0.8189
blocks.10.mlp            0.5835   0.4599   1.0067   0.2515   0.1188    0.8812
blocks.11                1.4407   1.6132   0.9524   0.7285   0.2154    0.7846
blocks.11.attn           0.5938   0.4429   0.8996   0.2574   0.2428    0.7572
blocks.11.mlp            0.9850   0.8107   0.9207   0.5091   0.1260    0.8740

  proxy agreement vs CKA profile (ref = cka_unbiased_drop):
    energy_drop  rho=0.8755 (p=0.0000)  top3=0.33  top5=0.60  top8=0.62
    mean_shift   rho=0.8632 (p=0.0000)  top3=0.33  top5=0.40  top8=0.50
    cov_shift    rho=0.4874 (p=0.0022)  top3=0.00  top5=0.00  top8=0.25
    cos_drop     rho=0.8815 (p=0.0000)  top3=0.67  top5=0.60  top8=0.62

------------------------------------------------------------------------
GATE (roadmap: Spearman rho >= 0.8 on >= 2 corruptions AND full containment at k=5)
------------------------------------------------------------------------
  energy_drop  rho: low_light@sev5=0.6916, jpeg@sev5=0.8755
               top5 containment: low_light@sev5=0.4000, jpeg@sev5=0.6000
  mean_shift   rho: low_light@sev5=0.5688, jpeg@sev5=0.8632
               top5 containment: low_light@sev5=0.4000, jpeg@sev5=0.4000
  cov_shift    rho: low_light@sev5=0.4071, jpeg@sev5=0.4874
               top5 containment: low_light@sev5=0.6000, jpeg@sev5=0.0000
  cos_drop     rho: low_light@sev5=0.6809, jpeg@sev5=0.8815
               top5 containment: low_light@sev5=0.6000, jpeg@sev5=0.6000

  best proxy: energy_drop
  VERDICT: NO-GO

  Fallback per roadmap: keep full CKA as the profiler (it is
  forward-only and already proven); claim weakens to 'single cheap
  profiling pass' — the paper does not die here.
